<<<<<<< HEAD
KUIPER-00008            
1 63724U 25088A   25125.83334491  .00022169  00000+0  66674-3 0  9996
2 63724  51.8602  64.7900 0010697 138.6247  69.0372 15.34256861  1689
KUIPER-00009            
1 63725U 25088B   25125.83334491  .00022525  00000+0  67174-3 0  9999
2 63725  51.8637  64.7777 0010104 135.7219  77.6342 15.34520233  1689
KUIPER-00010            
1 63726U 25088C   25125.83334491  .00022452  00000+0  67147-3 0  9999
2 63726  51.8652  64.7807 0010129 136.7126  74.9984 15.34432555  1306
KUIPER-00011            
1 63727U 25088D   25125.83334491  .00021071  00000+0  64280-3 0  9991
2 63727  51.8589  64.8107 0012138 142.9200  54.3027 15.33822245  1447
KUIPER-00012            
1 63728U 25088E   25125.83334491  .00021192  00000+0  64477-3 0  9994
2 63728  51.8576  64.8062 0011488 144.3293  55.1345 15.33910950  1396
KUIPER-00013            
1 63729U 25088F   25125.83334491  .00021810  00000+0  65784-3 0  9994
2 63729  51.8615  64.7930 0010856 138.4351  67.6357 15.34174483  1497
KUIPER-00014            
1 63730U 25088G   25125.83334491  .00021044  00000+0  64433-3 0  9995
2 63730  51.8604  64.8156 0012136 146.4826  48.3573 15.33707796  1301
KUIPER-00015            
1 63731U 25088H   25125.83334491  .00021450  00000+0  64914-3 0  9991
2 63731  51.8629  64.8003 0011530 143.0964  59.2948 15.34071390  1765
KUIPER-00016            
1 63732U 25088J   25125.83334491  .00022755  00000+0  67655-3 0  9996
2 63732  51.8627  64.7727 0009397 134.5777  81.5779 15.34615597  1304
KUIPER-00018            
1 63733U 25088K   25125.83334491  .00023935  00000+0  69763-3 0  9990
2 63733  51.8680  64.7379 0006920 122.8313 108.9528 15.35229266  1303
KUIPER-00019            
1 63734U 25088L   25125.83334491  .00024674  00000+0  70960-3 0  9993
2 63734  51.8688  64.7200 0005072 120.9823 119.2815 15.35642478  1305
KUIPER-00020            
1 63735U 25088M   25125.83334491  .00023715  00000+0  69332-3 0  9990
2 63735  51.8691  64.7416 0006981 128.2968 101.3171 15.35139564  1517
KUIPER-00021            
1 63736U 25088N   25125.83334491  .00023429  00000+0  68929-3 0  9994
2 63736  51.8649  64.7541 0007729 131.3475  93.5760 15.34942681  1347
KUIPER-00023            
1 63737U 25088P   25125.83334491  .00023231  00000+0  68507-3 0  9998
2 63737  51.8659  64.7587 0008827 128.2155  94.1176 15.34866111  1643
KUIPER-00024            
1 63738U 25088Q   25125.83334491  .00025978  00000+0  72625-3 0  9995
2 63738  51.8721  64.6631 0001805  97.1913 166.6790 15.36506762  1774
KUIPER-00025            
1 63739U 25088R   25125.83334491  .00024111  00000+0  70068-3 0  9993
2 63739  51.8670  64.7341 0006311 125.6896 108.4367 15.35321682  1635
KUIPER-00027            
1 63740U 25088S   25125.83334491  .00025309  00000+0  71706-3 0  9995
2 63740  51.8720  64.6851 0003388 121.1631 132.6594 15.36100959  1361
KUIPER-00028            
1 63741U 25088T   25125.83334491  .00025556  00000+0  71965-3 0  9997
2 63741  51.8712  64.6786 0002649 119.1551 139.2837 15.36287783  1776
KUIPER-00029            
1 63742U 25088U   25125.83334491  .00024309  00000+0  70333-3 0  9991
2 63742  51.8703  64.7230 0005878 123.7597 113.7597 15.35458454  1303
KUIPER-00030            
1 63743U 25088V   25125.83334491  .00023128  00000+0  68443-3 0  9999
2 63743  51.8672  64.7631 0008932 132.5216  87.4143 15.34757199  1585
KUIPER-00031            
1 63744U 25088W   25125.83334491  .00024753  00000+0  70669-3 0  9998
2 63744  51.8707  64.7010 0004575 116.9342 131.1681 15.35871006  1300
KUIPER-00032            
1 63745U 25088X   25125.83334491 -.00210181  00000+0 -60976-2 0  9992
2 63745  51.8695  64.7172 0005861 117.8420 123.2849 15.35780530  2302
KUIPER-00033            
1 63746U 25088Y   25125.83334491  .00026069  00000+0  72691-3 0  9999
2 63746  51.8720  64.6610 0001343 116.6896 149.0911 15.36584998  1781
KUIPER-00034            
1 63747U 25088Z   25125.83334491  .00025767  00000+0  72275-3 0  9992
2 63747  51.8723  64.6662 0002144 116.9929 144.3272 15.36407285  1468
KUIPER-00035            
1 63748U 25088AA  25125.83334491  .00025022  00000+0  71212-3 0  9997
2 63748  51.8701  64.6970 0003987 122.6679 127.9407 15.35965674  1512
KUIPER-00037            
1 63749U 25088AB  25125.83334491  .00025413  00000+0  71815-3 0  9991
2 63749  51.8716  64.6827 0003167 108.5917 147.1889 15.36180699  2301
KUIPER-00038            
1 63750U 25088AC  25125.83334491  .00024911  00000+0  71315-3 0  9990
=======
KUIPER-00008            
1 63724U 25088A   25125.83334491  .00022169  00000+0  66674-3 0  9996
2 63724  51.8602  64.7900 0010697 138.6247  69.0372 15.34256861  1689
KUIPER-00009            
1 63725U 25088B   25125.83334491  .00022525  00000+0  67174-3 0  9999
2 63725  51.8637  64.7777 0010104 135.7219  77.6342 15.34520233  1689
KUIPER-00010            
1 63726U 25088C   25125.83334491  .00022452  00000+0  67147-3 0  9999
2 63726  51.8652  64.7807 0010129 136.7126  74.9984 15.34432555  1306
KUIPER-00011            
1 63727U 25088D   25125.83334491  .00021071  00000+0  64280-3 0  9991
2 63727  51.8589  64.8107 0012138 142.9200  54.3027 15.33822245  1447
KUIPER-00012            
1 63728U 25088E   25125.83334491  .00021192  00000+0  64477-3 0  9994
2 63728  51.8576  64.8062 0011488 144.3293  55.1345 15.33910950  1396
KUIPER-00013            
1 63729U 25088F   25125.83334491  .00021810  00000+0  65784-3 0  9994
2 63729  51.8615  64.7930 0010856 138.4351  67.6357 15.34174483  1497
KUIPER-00014            
1 63730U 25088G   25125.83334491  .00021044  00000+0  64433-3 0  9995
2 63730  51.8604  64.8156 0012136 146.4826  48.3573 15.33707796  1301
KUIPER-00015            
1 63731U 25088H   25125.83334491  .00021450  00000+0  64914-3 0  9991
2 63731  51.8629  64.8003 0011530 143.0964  59.2948 15.34071390  1765
KUIPER-00016            
1 63732U 25088J   25125.83334491  .00022755  00000+0  67655-3 0  9996
2 63732  51.8627  64.7727 0009397 134.5777  81.5779 15.34615597  1304
KUIPER-00018            
1 63733U 25088K   25125.83334491  .00023935  00000+0  69763-3 0  9990
2 63733  51.8680  64.7379 0006920 122.8313 108.9528 15.35229266  1303
KUIPER-00019            
1 63734U 25088L   25125.83334491  .00024674  00000+0  70960-3 0  9993
2 63734  51.8688  64.7200 0005072 120.9823 119.2815 15.35642478  1305
KUIPER-00020            
1 63735U 25088M   25125.83334491  .00023715  00000+0  69332-3 0  9990
2 63735  51.8691  64.7416 0006981 128.2968 101.3171 15.35139564  1517
KUIPER-00021            
1 63736U 25088N   25125.83334491  .00023429  00000+0  68929-3 0  9994
2 63736  51.8649  64.7541 0007729 131.3475  93.5760 15.34942681  1347
KUIPER-00023            
1 63737U 25088P   25125.83334491  .00023231  00000+0  68507-3 0  9998
2 63737  51.8659  64.7587 0008827 128.2155  94.1176 15.34866111  1643
KUIPER-00024            
1 63738U 25088Q   25125.83334491  .00025978  00000+0  72625-3 0  9995
2 63738  51.8721  64.6631 0001805  97.1913 166.6790 15.36506762  1774
KUIPER-00025            
1 63739U 25088R   25125.83334491  .00024111  00000+0  70068-3 0  9993
2 63739  51.8670  64.7341 0006311 125.6896 108.4367 15.35321682  1635
KUIPER-00027            
1 63740U 25088S   25125.83334491  .00025309  00000+0  71706-3 0  9995
2 63740  51.8720  64.6851 0003388 121.1631 132.6594 15.36100959  1361
KUIPER-00028            
1 63741U 25088T   25125.83334491  .00025556  00000+0  71965-3 0  9997
2 63741  51.8712  64.6786 0002649 119.1551 139.2837 15.36287783  1776
KUIPER-00029            
1 63742U 25088U   25125.83334491  .00024309  00000+0  70333-3 0  9991
2 63742  51.8703  64.7230 0005878 123.7597 113.7597 15.35458454  1303
KUIPER-00030            
1 63743U 25088V   25125.83334491  .00023128  00000+0  68443-3 0  9999
2 63743  51.8672  64.7631 0008932 132.5216  87.4143 15.34757199  1585
KUIPER-00031            
1 63744U 25088W   25125.83334491  .00024753  00000+0  70669-3 0  9998
2 63744  51.8707  64.7010 0004575 116.9342 131.1681 15.35871006  1300
KUIPER-00032            
1 63745U 25088X   25125.83334491 -.00210181  00000+0 -60976-2 0  9992
2 63745  51.8695  64.7172 0005861 117.8420 123.2849 15.35780530  2302
KUIPER-00033            
1 63746U 25088Y   25125.83334491  .00026069  00000+0  72691-3 0  9999
2 63746  51.8720  64.6610 0001343 116.6896 149.0911 15.36584998  1781
KUIPER-00034            
1 63747U 25088Z   25125.83334491  .00025767  00000+0  72275-3 0  9992
2 63747  51.8723  64.6662 0002144 116.9929 144.3272 15.36407285  1468
KUIPER-00035            
1 63748U 25088AA  25125.83334491  .00025022  00000+0  71212-3 0  9997
2 63748  51.8701  64.6970 0003987 122.6679 127.9407 15.35965674  1512
KUIPER-00037            
1 63749U 25088AB  25125.83334491  .00025413  00000+0  71815-3 0  9991
2 63749  51.8716  64.6827 0003167 108.5917 147.1889 15.36180699  2301
KUIPER-00038            
1 63750U 25088AC  25125.83334491  .00024911  00000+0  71315-3 0  9990
>>>>>>> 8300f81eba8bbbdea0ee058ff555494fc7542041
2 63750  51.8713  64.7033 0004792 125.0865 121.0502 15.35780899  1300